>dGdACWnAvWGTnCh	GCR_HUMAN.H11MO.0.A	4.49651
0.4672991419848811	0.04850443197765567	0.35272323075648926	0.13147319528097393
0.093939707119949	0.01294639056194786	0.8307813431232277	0.06233255919487538
0.4416183342957588	0.15715400297009627	0.2183928520749264	0.18283481065921858
0.8900447454827407	0.028749964524484667	0.03072541126980177	0.05047987872297278
0.014921837307264962	0.9394309141156683	0.028749964524484667	0.016897284052582062
0.7557143668011779	0.03072541126980177	0.0919642603746319	0.12159596155438841
0.15912944971541335	0.2974107218876104	0.3507477840111721	0.19271204438580405
0.6273103283555662	0.3665513579737089	0.003069156835362354	0.003069156835362354
0.4001339526440997	0.28358259467039076	0.2183928520749264	0.0978906006105832
0.18085936391390145	0.05640621895892407	0.03862719825107017	0.7241072188761042
0.016897284052582062	0.024799071033850466	0.9453572543516195	0.01294639056194786
0.05443077221360698	0.04060264499638728	0.026774517779167565	0.8781920650108381
0.19073659764048695	0.2658035739625368	0.18283481065921856	0.3606250177377576
0.0643080059401925	0.8406585768498132	0.00899549707131366	0.0860379201386806
0.17690847042326724	0.3507477840111721	0.028749964524484663	0.4435937810410759
